-n 50 -N 50 -m 0.8 -W 100 -C 100 -k 0.50 -d 1
0 50 2408 85 75 13 96 61 82 95 29 76 46 35 100 26 76 90 76 100 95 94 98 42 51 60 63 77 9 97 67 58 100 78 10 22 37 80 21 37 20 96 43 93 98 53 43 14 42 75 40 87 43 63 74 29 54 67 97 16 56 12 98 70 43 49 68 9 23 72 78 66 41 71 86 31 37 99 16 84 48 91 36 89 69 88 27 11 72 73 86 52 36 21 21 48 64 64 13 40 46 51 90
1 50 2393 72 74 65 23 4 93 98 64 78 98 85 91 97 55 69 18 96 98 36 66 45 96 1 50 82 91 20 24 99 51 100 56 88 99 94 47 40 23 39 81 86 48 21 64 81 82 95 85 3 82 90 28 50 29 37 92 52 29 80 86 54 45 59 28 73 25 79 14 71 51 49 25 44 50 38 66 12 72 76 40 28 61 92 6 31 77 87 64 58 58 33 30 17 26 83 36 35 82 70 25
2 50 2324 32 33 96 63 47 80 94 77 53 72 60 45 29 97 1 41 59 20 26 92 88 4 85 24 82 68 80 52 77 14 75 72 41 48 11 36 97 16 70 23 3 69 36 62 93 54 71 12 12 22 39 54 48 43 15 64 84 79 64 80 79 18 99 5 34 37 57 29 74 17 66 71 81 45 87 28 86 23 13 69 78 75 44 82 28 66 65 76 8 55 30 61 83 71 95 12 91 3 40 98
3 50 2185 48 20 22 47 74 87 97 82 81 53 14 60 85 32 37 87 65 10 39 76 96 97 89 13 24 8 7 94 55 23 19 93 59 98 17 34 53 69 29 69 9 61 67 67 91 91 51 57 99 6 90 43 32 88 73 36 30 93 69 65 57 51 93 62 94 6 66 41 15 71 95 36 79 34 11 52 98 53 8 26 88 10 84 65 52 76 18 49 58 22 54 3 21 7 3 42 82 42 35 16
4 50 2285 98 6 49 41 34 68 79 32 67 85 53 55 27 88 84 43 99 92 93 39 33 96 35 60 97 24 80 99 82 92 70 16 69 100 55 64 74 69 90 99 22 14 85 37 1 34 25 86 28 87 89 23 64 30 95 82 96 69 68 89 73 51 43 46 92 41 38 95 41 22 23 91 7 34 30 24 36 18 87 17 9 96 52 25 45 3 58 12 76 26 83 11 17 74 65 51 31 55 10 6
5 50 2155 38 67 21 28 2 25 93 81 29 82 44 65 97 62 14 58 28 73 41 63 95 76 92 50 86 71 32 39 56 96 98 33 99 6 17 80 75 6 91 52 43 89 57 50 53 9 74 73 94 24 84 94 16 16 54 34 19 78 51 82 80 29 46 37 36 76 73 46 87 31 88 75 24 10 83 36 96 68 5 41 13 69 3 27 39 59 35 25 22 87 63 96 64 85 1 38 82 70 61 52
6 50 2516 95 24 78 22 61 71 74 78 87 1 34 23 99 11 73 20 92 93 22 47 83 99 84 10 16 9 85 73 46 65 48 79 58 62 55 28 52 44 66 38 77 65 97 16 82 78 96 4 51 87 47 83 89 92 30 64 59 99 91 97 72 88 94 36 35 7 56 69 62 74 25 88 54 68 63 29 80 28 88 91 65 30 42 95 31 47 98 17 32 89 8 31 67 32 69 59 39 64 38 85
7 50 2251 95 61 88 15 97 9 91 9 51 93 32 60 84 93 87 97 48 44 94 52 13 92 55 83 89 30 16 60 78 44 80 100 12 82 92 77 59 58 66 32 31 78 98 72 17 46 74 46 90 65 76 28 41 67 11 92 10 24 29 67 43 42 72 60 21 53 69 18 68 33 5 41 71 75 44 28 65 40 7 86 93 57 19 26 20 54 99 19 73 28 46 43 34 10 18 30 79 23 64 40
8 50 2233 82 4 54 78 85 46 90 18 50 18 57 10 83 54 33 22 39 15 27 6 25 54 60 7 40 12 87 3 37 39 29 51 14 23 68 74 65 83 86 2 13 85 35 86 92 38 80 19 66 24 63 61 97 26 32 86 94 43 72 33 84 34 69 3 71 89 53 81 79 26 95 34 21 36 49 94 89 88 70 21 96 80 6 57 8 30 1 82 93 43 18 69 28 63 22 35 7 92 78 46
9 50 2388 32 40 99 16 72 6 55 65 24 87 60 41 3 86 79 8 95 51 75 78 97 2 66 7 48 100 17 2 81 71 49 61 74 36 26 85 54 42 98 46 1 76 84 51 64 29 88 66 62 92 80 98 85 57 92 5 73 31 57 39 27 7 94 92 96 23 78 21 7 93 50 61 14 79 46 15 71 37 51 26 87 79 41 99 68 52 70 36 77 57 67 84 82 32 38 78 16 57 15 53
10 50 2435 65 65 17 73 40 53 28 25 68 37 88 46 22 38 36 61 72 66 83 85 70 30 97 83 56 83 73 54 14 26 71 99 63 57 93 75 55 87 95 37 23 59 64 60 94 69 78 96 99 46 9 9 34 32 48 29 96 42 76 5 77 26 87 26 42 1 82 77 50 33 84 86 38 39 91 85 66 62 69 48 16 19 53 60 18 98 58 68 81 21 90 65 5 62 75 46 43 83 92 57
11 50 2184 68 5 19 55 38 53 37 77 46 3 9 87 83 41 47 81 44 35 99 95 97 18 12 98 17 99 67 50 76 34 89 63 98 50 28 98 96 40 92 3 39 35 69 98 78 78 45 44 60 47 59 46 73 82 7 88 24 27 56 11 30 72 40 32 2 77 95 38 58 9 23 46 74 61 90 54 57 12 31 57 4 69 86 71 65 84 32 9 33 61 87 39 88 4 18 35 80 87 66 26
12 50 2240 46 22 96 11 24 33 85 87 91 97 32 53 14 94 65 66 34 79 16 17 89 20 47 35 52 17 99 67 83 64 30 21 17 83 92 96 54 89 8 18 78 59 74 68 57 6 63 53 93 46 98 10 58 35 87 82 75 27 86 84 60 68 15 27 80 64 81 8 68 52 22 17 21 11 13 30 61 66 23 29 59 24 9 93 1 56 97 40 70 97 69 100 43 87 42 27 76 33 48 30
13 50 2240 59 11 6 92 85 19 76 59 2 78 72 37 81 23 66 93 35 24 89 6 53 88 58 7 99 68 34 48 31 2 97 91 57 65 25 87 84 86 13 98 56 66 68 91 48 7 45 33 92 74 19 87 12 47 37 77 91 41 82 84 40 57 83 52 51 99 96 6 52 23 90 71 36 38 64 70 55 1 29 31 46 10 95 81 63 57 27 46 24 14 22 74 74 68 17 57 71 67 93 71
14 50 2376 85 9 98 43 8 3 92 11 36 24 76 26 83 29 17 85 50 16 29 31 95 77 68 85 79 66 73 98 97 67 88 85 59 97 55 67 65 64 28 42 40 83 77 71 81 9 74 52 7 87 96 56 90 98 21 96 75 9 99 64 80 60 72 95 39 50 3 82 93 44 58 60 62 16 41 69 66 82 33 4 16 51 30 81 78 83 1 86 89 79 13 52 61 47 84 88 91 17 20 67
15 50 2371 29 86 93 94 98 49 86 31 91 79 84 7 4 30 94 97 99 6 5 9 22 14 82 73 35 72 32 1 53 53 64 15 95 82 62 5 74 70 21 10 63 98 67 31 90 29 55 69 10 59 73 4 92 51 50 50 49 65 46 61 96 92 37 12 66 12 87 24 71 75 17 33 51 87 41 90 25 53 31 48 85 72 81 45 83 98 38 93 14 69 28 35 79 34 89 58 69 93 58 76
16 50 2396 99 17 66 46 93 69 54 98 59 10 40 4 89 47 20 4 62 18 88 45 95 59 73 12 98 50 94 10 97 31 75 42 34 21 78 89 60 66 86 70 22 94 61 7 52 86 50 63 77 11 76 77 28 86 87 59 92 89 67 63 71 66 10 73 82 85 84 81 38 48 70 7 57 50 39 44 96 96 32 48 25 52 46 38 64 92 37 88 74 91 15 68 47 56 30 93 4 58 2 14
17 50 2284 33 56 88 13 90 78 49 24 58 54 53 83 93 7 14 90 74 79 31 8 45 19 13 98 82 92 72 82 18 34 70 91 21 61 80 88 11 46 52 24 96 47 65 100 87 81 27 49 28 76 40 67 99 61 37 2 86 8 66 60 68 90 69 40 75 54 76 90 97 34 16 79 91 57 62 79 79 65 1 45 6 44 51 17 67 14 85 28 71 16 64 48 46 95 38 28 23 51 92 4
18 50 2394 42 85 10 37 56 59 95 8 71 23 18 8 45 74 97 16 33 89 46 88 85 20 11 95 72 15 80 33 99 24 69 57 44 97 62 49 3 81 67 55 19 43 94 99 78 80 40 88 25 56 88 37 35 56 49 3 93 52 73 62 21 65 79 83 82 63 91 58 65 34 77 5 64 37 24 79 55 64 96 11 68 30 75 27 98 51 52 89 61 73 58 100 87 42 39 20 89 39 13 44
19 50 2292 83 47 29 74 3 10 40 80 31 1 27 15 7 25 25 68 81 4 53 11 80 48 84 100 78 4 92 57 13 54 99 74 71 63 63 66 70 79 91 13 74 46 75 15 18 41 20 45 93 51 69 37 32 58 94 75 95 87 82 36 55 97 64 52 45 24 30 81 61 83 98 27 58 24 28 72 88 6 10 3 87 98 97 40 21 97 67 81 73 28 41 67 68 86 39 27 62 38 2 44
20 50 2325 20 39 82 64 85 10 63 50 6 18 91 52 83 6 45 10 34 88 89 14 94 41 97 97 99 53 64 52 36 22 40 52 62 84 93 74 75 36 27 19 22 64 4 93 38 93 86 93 76 72 71 78 74 23 7 93 24 21 32 12 58 45 47 64 52 32 49 82 80 4 59 69 8 100 70 96 90 83 43 83 98 46 96 37 25 76 92 7 72 91 61 47 30 42 60 89 19 6 79 52
21 50 2163 28 22 64 17 95 68 52 31 99 100 91 69 10 5 82 71 6 66 97 71 8 25 81 50 84 50 77 65 43 53 41 30 54 16 19 47 2 81 23 4 16 93 35 9 96 62 36 91 98 63 83 34 48 63 93 64 3 48 20 93 80 49 29 6 37 12 70 47 76 33 72 54 89 52 56 61 71 95 67 59 7 9 17 56 92 33 94 51 51 27 50 59 11 58 55 25 27 58 69 36
22 50 2313 55 75 99 71 26 52 84 55 21 72 53 80 98 78 94 30 8 83 40 76 60 32 96 44 57 78 81 66 90 97 18 99 74 28 29 52 95 93 88 84 61 22 30 20 87 35 91 7 45 79 43 71 25 80 36 59 49 86 2 91 4 24 59 85 85 11 77 78 67 97 52 77 47 55 93 71 89 55 11 58 16 31 97 85 76 22 80 41 15 28 66 68 71 22 20 1 50 15 82 93
23 50 2202 63 11 89 65 41 30 88 62 95 10 57 50 61 86 60 93 22 53 78 60 35 60 56 12 36 23 39 82 16 59 99 35 11 91 29 30 80 32 98 54 71 94 51 25 34 80 18 12 45 28 40 18 38 22 79 98 12 56 32 97 96 20 20 6 86 77 97 7 67 78 69 5 23 76 47 62 53 38 28 23 65 5 24 16 84 1 75 22 10 42 37 92 46 78 70 69 92 89 91 25
24 50 2490 69 23 85 23 64 7 50 82 91 28 99 68 57 17 22 92 90 6 54 1 12 21 21 80 34 2 46 85 56 87 26 74 96 3 7 65 94 2 86 75 80 4 72 49 55 20 32 51 81 74 60 40 97 36 6 3 92 64 83 58 67 20 73 81 62 42 89 25 41 30 79 10 52 38 68 93 98 77 93 60 24 93 84 2 61 20 95 52 36 91 39 57 87 22 49 75 74 5 25 10
25 50 2476 93 71 91 59 61 81 8 24 82 46 29 42 48 30 33 70 96 87 88 74 17 85 94 64 27 89 26 76 85 27 73 43 50 49 60 25 47 17 98 8 25 9 90 21 75 69 74 35 87 6 58 93 70 61 65 83 72 56 64 16 24 87 36 58 55 58 81 16 84 68 56 13 66 10 76 13 49 74 99 70 51 16 69 89 97 64 21 59 44 18 40 22 89 100 86 66 83 38 4 25
26 50 2169 91 26 93 69 25 12 74 10 59 38 61 30 65 19 27 25 78 77 98 82 3 40 11 52 84 37 30 9 89 9 95 93 99 40 45 82 49 60 53 23 42 56 82 37 15 73 1 61 87 22 57 87 7 90 37 93 70 61 94 8 69 3 10 89 48 79 92 85 50 57 36 75 83 13 97 19 16 21 28 59 80 94 33 53 67 23 23 42 22 73 38 39 12 21 96 34 5 61 86 78
27 50 2078 96 84 94 68 73 22 89 48 12 87 93 17 80 95 75 16 97 52 11 9 72 19 81 37 39 67 92 80 31 16 79 97 62 92 70 17 99 52 51 74 32 8 36 23 76 60 33 70 74 3 17 75 10 82 4 6 47 59 58 54 55 63 21 11 64 69 66 66 24 18 5 6 82 1 2 9 19 25 68 43 83 11 34 24 84 69 65 10 7 23 63 96 8 76 1 94 48 63 16 22
28 50 2362 97 49 40 8 95 56 17 88 91 35 24 89 22 91 30 10 80 38 88 44 37 13 39 83 93 65 55 39 8 8 23 31 66 99 76 69 83 32 58 80 35 60 99 33 85 65 57 91 28 76 73 46 56 4 19 48 54 45 86 63 87 40 84 75 78 13 81 45 61 43 36 21 18 63 10 54 77 26 96 7 74 11 11 33 72 86 38 93 51 47 67 94 75 35 94 43 98 98 31 67
29 50 2154 28 55 19 1 76 23 21 1 32 63 79 23 6 6 67 47 30 25 55 9 99 79 98 29 16 16 80 19 27 78 43 93 41 59 12 93 57 87 40 40 96 75 38 53 62 16 81 15 87 60 13 47 88 29 65 4 26 62 2 8 23 17 52 61 91 35 74 66 33 68 22 58 7 90 44 19 63 26 47 58 58 71 69 5 77 77 90 61 49 85 95 9 70 31 89 23 92 29 64 64
30 50 2234 95 73 99 46 35 46 1 58 13 74 41 90 98 68 46 21 55 67 71 72 49 40 96 39 97 8 76 23 34 33 60 82 54 77 57 76 44 95 89 22 64 87 3 85 85 77 61 44 30 32 24 39 33 79 82 18 25 42 93 60 59 15 12 63 47 68 56 80 84 37 90 32 73 59 83 79 23 32 74 25 9 97 40 98 88 29 68 46 20 93 39 95 62 94 65 53 19 58 72 91
31 50 2252 83 84 99 25 44 83 84 68 79 68 39 90 70 75 51 42 2 43 80 10 61 94 69 85 65 16 77 66 5 58 31 72 96 34 63 12 36 17 41 76 62 40 53 74 88 98 66 6 3 69 97 6 28 95 24 82 98 52 49 33 34 18 56 64 86 3 46 70 45 69 74 63 16 52 11 11 27 43 91 71 60 60 87 6 43 12 21 87 33 73 58 29 94 34 48 9 75 62 68 83
32 50 2411 29 17 97 62 98 65 26 70 48 78 82 39 96 39 94 56 51 91 87 52 2 94 93 19 13 6 88 64 74 50 6 97 44 27 69 85 81 58 83 35 50 97 49 47 32 2 90 19 99 20 65 81 73 65 77 82 28 28 78 11 95 24 17 77 59 72 91 68 41 61 9 45 60 39 66 27 75 63 58 28 62 22 54 23 33 97 79 28 89 1 70 64 39 100 46 11 1 87 68 51
33 50 2482 84 66 14 20 81 88 11 20 74 47 62 66 55 46 72 56 98 76 93 95 86 6 90 51 83 48 67 61 23 65 96 28 99 5 50 36 88 67 77 81 92 8 59 13 91 40 12 34 97 57 32 2 58 63 63 43 89 89 49 34 94 64 79 69 64 73 66 100 87 71 40 86 69 18 17 19 34 68 9 29 71 64 39 20 68 77 52 2 95 39 8 31 73 81 41 17 45 25 7 77
34 50 2208 90 7 97 11 60 77 61 58 94 5 30 100 80 92 68 29 66 63 78 66 8 69 45 88 46 81 98 53 63 6 85 41 58 94 99 59 54 72 67 12 65 85 6 1 74 27 24 67 19 64 40 21 28 78 70 100 12 75 31 30 81 32 4 6 96 88 87 50 83 25 29 46 79 14 71 53 17 33 35 55 32 91 95 28 73 24 26 44 15 84 25 3 52 26 51 57 44 51 50 23
35 50 2278 37 63 29 58 16 42 70 55 86 79 88 1 71 31 93 53 74 43 21 76 47 31 99 58 97 14 83 88 80 23 49 78 62 53 96 41 41 75 87 85 76 90 38 88 94 93 90 11 82 22 95 6 79 58 35 17 18 71 92 99 34 36 14 50 60 86 57 73 13 89 98 55 3 13 65 39 4 11 28 40 48 1 30 40 75 4 59 93 24 5 22 31 51 64 44 4 67 36 27 14
36 50 2052 97 66 91 11 77 52 6 61 45 20 12 41 98 72 23 98 10 21 21 13 92 93 95 100 63 61 67 33 99 70 31 32 49 9 68 85 33 65 96 51 32 15 1 53 36 23 43 34 46 91 20 2 74 63 88 39 70 56 52 13 40 51 25 82 86 13 27 64 84 84 38 11 75 88 29 23 14 27 83 79 44 1 39 59 34 46 73 54 62 85 48 70 11 68 56 90 54 83 8 46
37 50 2267 93 62 97 60 17 18 26 79 98 62 37 43 84 64 55 7 61 51 63 64 10 31 73 69 36 100 18 25 9 85 6 29 28 21 89 12 96 6 22 92 90 44 34 57 82 35 31 55 2 6 95 12 75 30 80 74 51 78 54 52 92 51 68 77 69 20 58 38 77 5 85 20 86 22 88 36 13 22 33 74 47 78 87 22 14 68 99 38 43 25 16 45 91 19 94 4 59 63 3 84
38 50 2399 50 55 7 74 62 22 94 53 56 1 15 79 99 90 98 30 2 34 58 20 61 20 85 90 92 51 96 90 19 89 46 34 66 46 45 5 79 12 67 47 69 82 60 24 40 99 91 56 64 37 78 3 88 55 10 96 36 47 95 53 35 68 42 49 81 74 89 79 97 3 68 40 52 93 11 5 87 62 18 66 6 48 57 83 53 33 76 25 80 11 71 18 23 74 84 9 55 57 86 49
39 50 2112 3 42 31 47 6 51 99 71 23 7 4 78 45 72 95 63 86 75 38 91 97 89 47 28 25 12 83 84 12 43 49 4 88 90 90 93 57 29 36 16 21 50 68 37 85 25 18 90 29 82 75 19 76 6 79 61 98 43 50 73 33 23 81 88 16 13 63 61 55 41 92 2 89 61 96 53 66 81 40 57 1 78 51 64 7 8 61 62 5 79 53 9 58 40 60 85 64 45 37 31
40 50 2379 72 67 87 56 93 58 88 97 70 59 50 91 39 11 59 26 17 99 98 70 30 54 57 97 92 2 96 99 85 45 20 84 34 19 10 97 37 2 77 41 40 27 99 26 61 35 94 26 81 68 9 18 41 98 91 77 82 69 83 51 71 7 36 20 86 28 78 98 24 51 69 76 64 43 65 69 63 53 95 67 38 50 68 44 90 58 15 18 5 92 7 36 76 63 8 44 73 71 51 48
41 50 2297 55 72 26 85 18 73 82 85 7 21 68 21 96 33 33 92 77 39 72 63 95 1 60 61 99 6 86 77 67 17 21 95 94 10 52 41 6 20 58 86 42 94 53 16 98 29 47 89 97 10 84 13 93 4 35 12 27 60 8 57 61 72 29 52 11 61 79 24 73 49 91 61 44 71 36 25 49 85 85 13 83 34 80 91 39 84 37 57 57 13 78 84 9 13 25 86 62 11 88 8
42 50 2186 70 77 71 43 39 18 80 59 90 98 18 23 76 49 55 17 36 35 60 80 23 50 50 21 5 88 31 78 78 71 20 43 92 53 46 97 57 62 53 25 95 95 43 77 91 44 32 100 26 30 13 52 99 71 2 78 8 85 72 89 3 37 16 59 67 25 88 79 12 92 51 42 79 46 94 18 54 73 17 54 47 29 85 64 89 97 68 62 61 59 84 9 86 71 77 73 28 23 96 25
43 50 2353 66 38 93 87 19 21 18 74 96 52 69 83 98 27 99 59 16 19 59 56 35 51 68 68 90 19 86 62 83 21 48 49 67 7 76 60 63 7 61 68 95 90 71 91 92 20 94 58 30 89 36 69 21 48 8 37 89 26 75 68 73 61 53 61 31 72 85 78 32 68 87 15 49 16 1 92 41 21 77 12 57 42 74 26 45 19 40 1 39 43 23 25 11 68 82 88 56 96 65 25
44 50 2241 49 69 68 97 80 80 76 14 69 92 50 84 61 85 87 59 99 86 31 77 75 25 27 56 94 34 53 34 91 44 88 57 85 78 93 45 24 93 38 57 92 72 43 65 34 75 78 39 54 56 96 6 35 32 45 91 95 99 84 59 57 46 46 29 16 41 9 67 41 81 23 19 79 65 67 71 73 56 83 15 3 39 5 50 48 85 55 8 6 77 70 27 77 7 20 52 28 2 2 11
45 50 2228 98 99 69 20 78 19 20 31 48 47 12 87 87 86 71 41 90 71 58 27 63 36 86 38 88 45 79 94 67 46 37 54 32 45 57 22 33 34 99 84 7 51 41 83 3 25 76 20 97 96 93 34 94 54 14 55 19 100 68 8 55 95 35 53 50 100 56 19 83 1 45 79 92 12 40 75 89 63 23 40 60 88 5 22 26 100 84 16 80 70 31 21 10 69 65 82 29 97 44 57
46 50 2261 42 4 38 84 93 79 67 9 94 1 5 46 79 73 56 34 85 26 61 82 95 39 83 12 84 33 45 85 73 94 36 18 16 83 7 4 97 54 99 58 92 76 98 77 59 25 48 20 77 19 91 56 90 27 12 79 27 50 32 12 34 66 89 92 18 26 21 78 86 96 24 11 87 11 37 95 65 14 15 1 44 90 49 76 23 89 80 65 22 89 71 97 68 81 43 94 69 6 1 74
47 50 2436 87 76 91 71 40 25 96 71 63 18 93 2 8 41 77 85 92 54 90 91 95 50 97 2 32 58 35 2 83 56 86 97 79 1 27 70 43 53 80 93 56 82 58 10 19 25 16 75 84 10 41 72 88 76 98 47 94 29 9 24 71 71 1 2 2 79 73 1 42 46 89 68 82 81 38 86 11 55 85 3 46 49 74 5 39 54 99 13 76 57 59 7 68 64 49 74 75 35 10 94
48 50 2189 98 32 52 24 84 33 15 38 56 52 93 30 17 17 89 84 99 93 26 33 81 84 21 6 31 84 45 56 95 33 41 53 97 64 59 41 34 91 9 76 87 52 65 47 35 68 86 15 10 66 70 88 23 78 68 54 64 40 25 58 63 45 47 44 57 22 32 71 20 34 39 65 77 20 78 42 94 40 36 79 30 14 46 15 66 17 14 31 22 92 76 25 37 14 96 2 72 2 60 74
49 50 2447 98 17 49 97 63 43 3 88 85 99 88 18 77 2 90 84 28 6 13 25 89 9 32 58 92 48 50 29 57 61 78 95 70 13 72 12 99 39 18 53 31 25 97 23 95 95 52 62 96 98 86 74 10 42 79 94 83 38 45 57 69 60 94 85 42 88 81 52 40 84 61 52 11 76 73 5 91 92 71 39 93 7 75 14 51 60 80 57 48 12 58 32 8 47 26 20 56 85 6 90
