-n 50 -N 50 -m 0.8 -W 100 -C 40 -k 1 -d 0
0 50 1964 58 16 88 16 75 21 8 3 19 28 73 29 64 30 4 35 39 5 87 22 97 29 50 23 94 4 57 40 85 35 95 12 2 22 10 16 35 9 68 3 12 9 6 39 45 29 51 5 38 25 34 2 90 2 81 24 28 5 1 28 67 37 54 15 16 36 26 25 13 24 44 27 80 12 17 4 22 13 55 14 98 24 31 40 15 35 23 23 89 31 66 7 46 13 93 34 77 14 30 8
1 50 1929 51 39 64 18 9 23 4 15 19 10 1 13 33 20 81 15 26 38 5 19 42 30 32 34 63 40 100 20 89 7 11 39 30 8 80 4 62 40 6 24 37 6 70 23 36 2 67 14 43 29 17 29 83 36 16 26 53 27 28 12 66 3 2 31 73 29 29 37 98 19 15 40 38 8 94 6 22 8 92 33 82 20 99 34 46 18 85 3 52 38 88 23 25 10 91 2 23 19 34 22
2 50 1918 59 15 93 29 49 38 38 5 52 9 23 8 77 25 33 26 27 14 14 34 65 28 53 14 9 25 47 19 42 40 80 20 95 32 8 15 61 5 79 4 34 13 71 22 89 23 67 35 68 32 29 13 69 24 10 16 62 22 31 29 56 11 66 6 6 31 39 17 12 7 30 34 99 33 74 31 83 6 13 6 3 10 87 38 48 11 86 2 24 8 36 22 4 19 40 14 32 12 26 23
3 50 2044 81 38 88 36 79 35 5 8 74 36 59 22 73 40 27 36 7 14 57 30 64 29 44 3 33 35 86 19 89 3 1 21 41 8 31 7 13 30 40 28 68 34 72 28 12 8 54 38 76 24 24 19 36 37 85 13 47 5 99 18 91 25 70 17 17 12 49 36 34 40 46 5 52 34 82 27 67 18 25 14 66 1 78 12 65 2 83 24 53 39 26 29 8 17 9 3 55 22 14 33
4 50 2068 39 40 4 12 54 30 78 23 46 31 28 26 9 31 91 25 52 5 29 4 64 14 65 11 10 33 45 36 67 31 68 25 30 23 16 35 44 6 97 29 24 7 88 26 89 13 18 34 41 13 37 31 7 22 47 2 57 22 32 39 99 33 60 4 70 28 94 11 11 23 23 40 48 3 66 14 76 20 81 5 96 34 55 30 33 33 43 15 34 6 80 17 40 17 50 37 82 1 69 30
5 50 2019 20 17 36 12 1 28 94 15 21 31 80 6 91 36 65 2 85 6 90 26 22 6 68 2 64 36 40 34 16 22 45 24 57 36 4 36 30 29 52 9 74 2 75 9 95 25 14 28 2 33 89 26 49 16 6 2 27 27 7 15 63 3 55 12 51 7 53 24 48 17 13 35 77 40 42 27 92 35 23 23 96 38 79 28 61 22 11 28 86 28 98 14 66 3 3 8 5 9 83 23
6 50 2080 60 9 79 30 76 29 50 17 30 12 97 36 84 37 47 37 27 35 52 18 90 26 83 32 22 17 68 16 11 40 4 1 21 19 49 3 88 30 34 24 85 23 19 14 29 27 92 3 18 29 73 15 43 16 66 24 12 6 74 37 23 14 37 33 62 19 40 32 45 35 28 7 93 13 55 11 89 40 13 14 86 9 20 6 94 11 1 26 38 36 56 32 15 22 57 8 67 31 99 35
7 50 2139 89 32 20 29 3 21 60 11 40 25 63 33 56 4 30 40 75 7 87 10 31 13 50 25 77 3 17 27 8 5 1 40 97 32 19 1 66 23 28 1 33 19 7 31 88 21 70 10 67 21 51 4 83 8 26 11 96 24 25 30 29 28 81 29 93 35 59 12 76 40 2 25 69 1 72 4 99 1 82 26 45 12 78 21 74 26 48 6 92 40 35 17 11 33 49 20 64 28 53 21
8 50 1973 59 28 52 9 69 13 55 5 45 24 85 10 90 24 75 16 66 22 92 16 26 12 7 6 11 20 61 10 53 1 40 24 21 20 37 27 24 13 60 22 43 36 47 37 93 8 51 35 50 13 14 31 15 18 63 7 49 7 8 3 83 15 36 2 88 7 84 15 33 12 12 32 64 14 2 14 79 15 76 33 38 31 72 16 17 19 58 22 13 24 29 14 89 17 41 16 10 32 82 26
9 50 2126 17 23 39 15 98 26 73 3 9 5 59 18 75 28 19 28 64 8 93 6 14 22 95 13 22 30 25 11 47 33 37 8 63 2 26 35 57 27 31 7 6 26 82 33 49 1 18 33 91 22 32 7 24 39 60 9 67 39 51 9 76 18 77 22 68 35 80 19 69 1 79 17 71 27 84 7 23 33 78 3 87 25 7 11 97 37 96 31 42 28 92 40 28 18 5 23 3 35 53 8
10 50 2034 4 39 84 10 2 20 26 33 8 5 69 14 80 19 42 21 59 13 41 22 11 40 79 7 22 33 53 39 55 26 86 39 96 21 68 17 1 6 81 8 30 29 74 21 28 35 38 8 73 19 10 13 89 8 66 2 76 18 21 6 33 2 6 2 94 11 62 1 32 23 92 22 24 19 88 29 37 9 77 16 58 38 45 14 63 10 70 36 20 9 5 8 97 5 60 34 23 20 85 16
11 50 2038 63 14 82 30 28 22 3 22 4 21 59 40 71 17 80 13 90 16 38 9 1 30 17 24 9 19 23 5 6 25 10 7 67 17 68 38 40 1 21 32 60 40 2 28 33 40 79 21 61 30 48 36 39 38 83 23 95 13 69 21 81 9 78 40 89 19 51 20 70 25 87 20 19 1 14 29 20 9 49 7 73 31 65 11 98 11 92 37 31 31 76 30 64 20 12 17 84 30 46 35
12 50 2140 78 24 3 37 57 25 90 13 35 3 70 38 94 39 58 39 46 5 8 27 48 7 30 4 85 33 45 22 67 23 18 21 59 26 5 28 50 32 2 40 69 36 10 37 82 39 15 39 23 26 61 27 66 5 92 2 79 30 84 16 31 34 73 15 93 22 95 13 42 2 22 3 20 9 11 19 24 3 25 1 68 16 98 38 38 33 65 14 76 38 72 10 63 12 91 25 52 11 88 20
13 50 1900 15 25 92 2 80 6 31 29 83 35 16 25 91 2 40 9 33 1 59 1 23 30 43 40 93 13 97 30 65 37 69 40 1 21 13 12 58 4 41 40 18 28 56 9 48 17 8 35 54 23 36 36 42 9 21 30 50 5 26 38 78 10 81 10 87 24 57 34 53 26 74 23 79 35 3 39 52 35 34 1 51 32 6 2 19 30 4 3 55 16 27 22 63 21 67 18 75 29 9 21
14 50 2172 28 32 83 2 44 4 67 25 94 8 49 2 84 17 81 22 98 15 14 1 40 33 58 30 59 38 7 39 50 6 90 33 47 13 8 25 97 13 33 11 1 26 91 36 22 3 19 9 63 31 38 25 96 24 34 13 31 40 45 6 42 9 88 2 78 29 56 40 77 26 21 39 85 16 17 10 25 33 13 3 46 37 53 17 26 34 73 12 87 33 80 19 89 28 71 40 23 7 95 36
15 50 1948 19 20 64 21 17 21 45 14 66 38 18 29 24 31 48 3 9 8 62 14 27 5 76 7 43 6 30 9 33 9 7 13 93 7 21 5 91 6 2 40 84 11 55 26 90 37 14 17 70 39 94 13 85 28 3 2 34 15 86 20 22 13 1 16 63 26 83 4 16 37 98 1 99 27 28 21 40 22 26 1 47 15 78 30 67 13 35 34 41 28 82 23 72 29 12 1 61 21 54 1
16 50 2112 39 20 89 12 91 30 98 36 42 23 15 28 60 36 75 24 71 8 63 35 33 6 58 13 97 18 94 29 31 34 79 22 70 13 95 20 40 37 2 14 96 14 90 30 29 32 69 9 74 16 61 11 13 6 59 11 47 21 44 26 55 18 27 32 66 38 20 20 24 36 65 25 28 6 41 33 54 4 73 19 37 21 36 40 17 4 68 1 10 17 35 33 76 32 3 37 14 36 67 31
17 50 1926 61 25 44 4 53 16 11 32 13 20 1 17 19 1 66 15 72 6 67 27 58 2 30 2 97 6 95 32 94 33 74 34 29 17 81 33 39 25 45 30 17 13 8 17 70 35 88 15 46 4 75 6 32 32 73 17 83 25 63 23 78 7 2 34 43 23 10 16 3 18 65 32 49 3 7 14 37 24 21 16 16 37 84 14 31 40 28 14 57 34 68 29 15 31 59 25 55 5 76 15
18 50 1960 52 23 24 35 56 34 14 15 47 3 60 21 28 10 87 22 72 26 25 11 30 19 37 36 12 29 51 28 44 37 99 19 85 14 54 18 29 40 20 28 93 16 67 14 82 29 45 39 75 9 64 36 35 24 38 34 80 15 32 38 16 3 65 31 19 37 31 11 97 24 57 20 23 2 55 23 17 30 3 5 36 16 84 2 1 8 86 24 34 30 6 4 69 25 49 5 74 22 91 4
19 50 1965 13 1 96 40 46 39 66 28 17 9 85 4 35 26 88 3 42 33 11 33 18 37 27 12 52 30 12 21 70 35 74 2 50 13 28 1 77 19 80 33 16 20 7 30 62 1 14 8 92 6 38 11 29 18 83 23 73 24 44 37 78 12 89 12 59 36 71 26 65 34 94 40 3 8 45 13 99 39 23 23 54 35 58 11 30 17 33 8 48 3 64 28 51 22 21 30 8 18 19 22
20 50 1978 17 35 66 27 94 13 90 8 46 4 48 27 37 39 78 4 58 12 73 31 98 35 32 39 74 21 69 27 84 13 76 29 97 25 88 34 28 24 42 7 2 18 5 31 13 2 15 40 34 25 9 40 8 7 49 8 60 38 11 4 33 31 53 17 23 14 75 19 87 12 31 38 26 7 6 17 65 22 63 12 61 32 54 16 4 4 35 33 21 39 82 13 56 19 55 10 99 23 43 5
21 50 1934 80 37 21 21 71 4 93 22 17 8 98 20 54 10 32 24 83 4 39 14 43 13 44 10 16 2 53 19 84 7 18 36 38 1 8 11 97 27 28 28 30 19 23 32 75 3 2 28 26 40 40 16 95 33 5 31 63 32 48 18 61 21 85 31 29 31 19 17 42 8 27 4 11 1 65 21 66 30 90 4 31 40 58 2 35 14 99 31 4 28 33 22 74 21 59 28 25 17 81 14
22 50 2131 51 10 49 1 89 27 34 28 93 7 58 4 85 8 24 32 74 37 94 23 80 28 21 19 97 35 59 38 20 9 99 9 90 8 27 35 47 39 22 4 41 2 92 15 95 37 69 6 76 1 4 29 38 11 67 27 65 10 17 24 36 11 50 35 64 6 40 39 98 21 84 18 10 33 13 22 25 15 28 23 55 7 86 11 11 14 14 32 77 29 19 8 66 40 5 15 18 40 88 40
23 50 1813 14 29 76 8 29 18 24 35 62 6 38 15 71 30 47 18 32 26 84 23 22 10 41 2 25 25 12 24 75 13 31 15 48 30 27 35 63 12 13 37 2 14 1 23 94 18 18 16 40 19 8 21 83 32 95 7 89 39 97 15 51 36 16 17 61 23 30 34 23 6 9 35 72 28 35 31 28 25 87 2 10 11 57 40 39 38 45 18 58 10 67 23 93 14 44 35 4 29 77 38
24 50 2068 17 4 42 4 98 16 90 19 6 6 50 9 36 7 33 13 77 34 39 19 87 5 62 33 76 17 94 27 44 30 84 20 25 5 15 14 60 4 1 33 5 36 52 29 8 28 83 39 21 3 12 13 78 8 18 36 71 7 99 3 64 15 97 29 86 13 73 22 53 5 59 9 56 39 48 15 81 6 23 15 92 26 34 30 28 29 16 36 37 21 80 29 3 5 66 13 11 12 96 17
25 50 1928 87 5 94 21 20 37 6 33 79 25 53 14 13 29 95 12 50 29 28 27 61 12 39 11 24 10 66 33 93 34 31 38 92 9 43 29 21 14 46 34 60 29 55 28 17 21 68 11 8 7 48 24 11 33 75 39 47 3 32 39 96 5 5 29 3 16 62 35 27 1 86 9 76 26 29 22 98 1 33 31 14 27 30 12 82 13 83 29 19 14 9 34 63 1 52 38 23 28 59 20
26 50 2033 96 1 69 37 81 22 7 26 8 8 10 21 92 10 60 30 75 8 65 10 16 7 95 39 41 22 58 20 30 21 6 30 82 24 52 37 3 28 63 22 17 29 29 31 53 31 38 8 32 6 70 14 4 21 14 22 71 13 35 34 89 36 77 28 90 4 18 31 9 7 54 30 72 21 26 4 23 13 49 17 56 21 61 18 99 39 21 21 85 1 76 33 78 23 5 23 94 39 88 14
27 50 1877 47 35 67 29 75 7 18 24 87 16 82 9 31 2 89 7 54 16 91 26 22 21 60 39 30 4 1 35 95 40 69 1 34 35 90 29 13 19 92 39 25 8 57 26 48 24 16 14 37 26 8 35 23 7 17 7 10 18 44 39 68 29 11 27 83 15 66 20 12 6 63 2 81 8 42 29 14 9 3 1 71 21 40 27 32 17 79 7 98 35 9 22 38 3 59 37 7 4 39 20
28 50 1974 56 38 41 24 83 1 78 23 12 19 85 31 37 36 99 7 94 5 65 29 25 2 36 19 80 32 2 25 11 20 35 2 6 4 17 9 34 1 71 11 68 21 89 13 5 1 15 29 14 23 66 4 49 20 48 11 91 5 97 24 22 21 60 22 16 11 32 5 44 8 9 24 90 18 43 14 64 23 53 15 28 10 38 21 62 30 42 15 61 13 92 36 27 15 87 30 76 39 13 9
29 50 2214 80 15 53 3 60 39 22 1 36 22 85 23 76 38 67 38 89 14 24 35 11 16 83 38 98 14 79 38 86 22 27 5 48 5 88 21 78 24 35 13 21 21 3 1 6 38 41 8 75 38 49 25 74 7 64 36 93 40 92 36 14 24 38 18 10 30 71 15 77 37 47 17 39 1 46 39 97 8 18 31 94 1 72 21 8 38 44 1 42 29 96 37 63 22 17 21 33 30 99 5
30 50 2011 1 19 93 18 22 25 64 34 94 40 7 22 57 2 70 31 95 15 24 21 4 7 23 1 79 15 82 31 84 21 8 24 59 12 74 13 96 29 98 29 40 25 97 18 3 7 53 17 42 5 21 20 87 33 38 21 9 24 54 16 65 27 49 14 25 26 16 2 60 29 83 4 58 4 28 38 66 22 6 35 81 1 48 31 17 26 27 25 51 2 18 4 75 31 90 28 39 9 34 38
31 50 1940 95 31 12 7 71 4 75 13 80 40 39 24 41 18 54 39 21 16 92 27 86 15 88 33 93 36 49 27 89 6 13 31 29 39 1 33 65 32 5 36 68 27 48 25 58 37 55 29 43 12 3 10 44 28 37 4 14 37 9 38 7 38 16 39 82 1 23 5 85 10 72 31 78 36 42 15 84 6 40 38 67 36 79 30 27 17 77 15 10 15 18 14 11 39 73 16 33 14 25 34
32 50 1924 46 2 54 23 29 21 20 3 19 29 14 18 48 10 86 22 45 15 16 14 9 6 12 6 98 28 78 3 50 14 77 35 82 9 44 2 26 20 17 19 89 35 57 5 30 12 90 9 61 35 64 8 49 18 36 35 33 17 76 16 23 33 91 4 31 26 84 5 62 28 85 37 35 13 21 18 38 25 2 5 72 34 94 7 83 1 13 4 8 14 69 11 11 3 58 16 67 34 3 31
33 50 2039 29 19 47 38 55 8 95 6 33 8 24 33 70 5 58 26 8 5 31 28 56 1 10 5 97 29 91 19 28 33 1 28 71 8 78 5 72 3 80 19 74 1 65 21 46 16 61 13 88 30 69 16 98 39 77 31 27 37 73 26 14 30 85 24 51 35 81 15 39 27 52 26 4 33 17 33 9 26 83 34 43 6 12 31 37 4 7 21 63 14 44 17 22 10 75 35 57 20 42 32
34 50 1812 87 12 40 30 10 40 9 32 15 14 14 11 33 10 46 29 92 21 43 33 89 10 17 35 25 6 19 37 28 10 29 17 79 40 18 30 94 23 97 35 24 22 4 28 82 6 86 22 80 26 65 26 35 34 13 16 34 22 91 36 7 13 2 23 26 36 83 5 78 20 36 13 96 22 12 40 99 37 54 30 39 15 3 26 73 28 27 27 5 2 1 39 56 25 64 6 57 14 49 39
35 50 2202 84 33 57 38 68 15 70 35 14 36 93 38 18 21 92 5 23 27 89 14 49 19 37 34 75 30 48 15 20 12 88 9 81 7 63 23 21 36 98 5 45 7 65 34 87 8 9 34 59 23 54 37 71 39 3 13 67 18 50 17 30 23 82 12 95 9 5 28 86 2 35 18 77 40 74 27 58 16 76 25 25 1 7 23 16 38 47 21 56 34 40 6 78 19 64 11 61 29 43 7
36 50 2066 6 38 36 15 33 7 93 5 77 6 15 24 19 23 86 19 89 23 37 39 91 5 90 29 28 10 29 31 92 15 48 1 62 14 68 27 2 36 52 16 80 30 71 5 11 19 17 1 22 33 98 31 60 21 4 27 66 36 49 32 95 24 1 2 84 31 94 9 70 27 72 15 32 24 7 10 39 6 67 14 46 18 13 27 79 6 74 1 30 4 54 15 25 23 81 6 58 30 31 14
37 50 1987 35 4 79 32 62 3 91 26 71 29 92 4 69 13 80 34 99 4 48 12 89 24 67 38 13 26 42 21 53 32 86 27 64 11 61 27 41 27 29 9 50 12 30 14 3 15 72 6 47 6 22 36 59 38 51 23 9 8 2 8 52 12 10 24 75 18 4 36 33 9 40 32 27 27 63 16 58 12 78 20 12 6 21 40 24 40 66 15 55 21 90 6 11 7 38 17 65 17 46 34
38 50 1941 70 26 58 7 38 17 55 22 16 24 80 1 50 2 73 17 9 33 18 34 76 8 41 26 57 5 54 39 97 40 45 19 65 2 5 14 30 12 67 17 47 7 29 17 1 25 60 5 42 14 40 2 6 17 78 2 11 8 10 32 26 25 85 39 48 26 95 24 91 15 94 28 20 26 77 2 4 38 13 21 90 6 17 29 39 24 66 1 61 18 93 26 56 12 46 15 53 5 25 9
39 50 1964 98 33 49 9 56 26 29 26 26 26 17 33 45 35 93 18 60 33 15 17 28 38 32 13 13 4 70 24 46 32 38 13 34 33 62 10 76 20 27 20 52 13 24 16 40 24 97 24 61 27 64 35 94 8 53 31 37 36 63 15 18 7 19 11 50 14 42 29 65 9 79 23 77 14 30 11 82 33 71 40 22 17 84 31 2 38 59 38 33 20 39 2 16 27 43 38 68 25 57 36
40 50 1887 96 15 29 13 79 32 63 29 76 15 7 38 30 25 61 28 67 18 35 32 8 15 1 21 6 17 98 30 62 26 25 17 41 6 19 37 23 19 73 37 97 22 21 2 86 40 59 39 16 31 65 32 13 2 40 33 47 20 24 3 75 34 11 8 81 3 22 21 43 24 39 21 18 37 69 29 56 33 72 28 74 12 15 17 33 40 71 21 32 34 82 30 27 2 92 3 52 25 28 35
41 50 1953 97 40 22 3 11 26 94 33 41 20 10 2 93 1 24 5 92 9 26 14 56 19 37 38 90 33 17 29 95 34 96 28 16 18 14 21 82 26 21 3 59 25 3 3 9 27 34 32 18 24 80 27 13 33 64 33 12 39 54 39 66 29 79 10 85 2 40 35 77 14 83 37 63 16 46 15 71 30 35 22 89 20 65 29 7 36 32 31 55 21 31 34 39 26 2 32 28 37 69 14
42 50 2063 27 10 40 40 69 28 99 26 89 5 33 38 60 24 5 21 76 24 95 17 47 12 42 31 71 10 91 24 29 13 63 28 81 23 87 18 31 3 50 20 2 5 28 39 6 36 54 40 64 40 10 3 32 13 82 3 68 2 35 23 67 5 88 17 7 30 86 38 84 11 98 22 8 33 59 36 77 29 9 34 16 23 61 37 43 26 19 5 23 25 78 3 92 31 70 4 17 8 11 3
43 50 1791 78 27 44 31 47 17 81 37 55 1 40 32 88 38 97 22 35 23 74 29 72 8 20 22 9 35 10 29 25 25 66 11 48 28 36 6 90 4 12 31 23 3 30 33 91 23 19 13 17 19 56 4 70 17 13 4 7 21 60 23 18 30 79 37 2 21 80 5 11 35 8 12 87 30 34 17 50 27 6 36 39 10 22 10 59 39 68 27 64 21 42 3 5 4 95 15 14 8 43 8
44 50 1913 30 1 89 15 76 27 56 18 23 37 7 1 67 18 53 31 15 33 12 38 98 27 6 1 61 33 74 40 87 13 69 8 62 35 88 10 11 6 43 32 8 3 57 30 49 21 66 38 24 39 19 36 84 39 54 17 27 33 70 14 60 39 81 22 32 30 40 11 52 18 86 30 1 16 29 8 39 33 17 26 9 10 73 17 45 4 25 25 4 8 97 27 36 40 44 13 96 21 41 23
45 50 2102 52 19 36 11 48 33 99 17 77 15 41 40 2 5 16 22 73 14 57 20 24 7 53 39 31 33 15 31 54 29 84 36 44 11 68 22 80 24 9 20 55 2 37 23 61 28 72 32 29 27 90 21 66 32 45 32 23 38 60 36 82 16 64 35 65 23 91 5 97 7 3 39 63 26 25 6 26 24 87 38 58 3 32 32 83 20 85 10 49 5 95 11 47 20 5 23 59 14 11 13
46 50 2072 59 27 18 17 62 36 94 2 14 8 25 5 8 24 84 29 86 12 33 15 71 24 31 6 13 10 79 23 89 1 32 25 75 27 76 40 53 37 69 32 52 13 80 10 36 5 22 22 27 5 93 32 37 2 70 11 95 19 23 6 35 37 5 25 64 15 77 12 43 28 47 7 26 36 50 2 88 21 90 21 63 32 16 1 74 1 55 23 12 7 21 26 51 1 4 17 96 16 68 38
47 50 1825 69 23 78 15 76 25 17 32 96 35 52 13 89 36 12 2 82 10 33 33 50 27 8 30 42 17 5 38 54 32 95 35 7 25 34 1 37 5 3 37 40 3 4 31 44 5 41 8 15 37 51 16 65 27 45 10 31 32 68 4 70 8 86 35 2 14 26 24 57 16 39 2 19 38 62 13 64 20 71 17 20 21 28 3 79 18 74 38 60 12 49 25 27 5 18 6 32 16 56 33
48 50 1964 20 21 56 31 43 18 47 2 30 6 76 18 72 34 27 25 84 22 67 30 92 13 26 24 62 32 87 17 79 31 16 31 38 27 13 16 73 26 45 39 2 15 70 7 41 27 42 14 22 8 35 34 53 21 69 14 55 31 85 18 32 2 4 37 89 29 86 19 75 20 34 20 18 15 6 40 40 25 39 40 25 32 31 14 96 27 80 20 28 29 49 34 5 16 57 9 74 23 61 25
49 50 2150 69 21 7 12 45 31 87 15 24 14 41 27 13 21 66 40 61 12 74 29 16 38 5 4 93 18 58 14 43 7 54 3 85 37 60 35 34 39 77 27 37 1 59 22 33 39 46 13 44 14 88 21 50 3 25 39 20 38 73 18 83 28 40 7 32 7 62 18 36 23 68 29 35 6 81 19 98 1 80 20 86 39 31 15 29 38 18 23 89 16 91 22 48 30 57 5 38 25 99 34
