-n 50 -N 50 -m 0.8 -W 100 -C 100 -k 2.75 -d -1
0 50 1190 1 46 9 15 6 13 2 89 3 58 14 90 4 99 7 60 5 26 8 95 16 62 41 96 18 14 10 32 35 7 39 22 23 18 12 39 13 56 62 33 15 44 11 70 20 11 46 57 22 58 19 35 31 98 17 49 53 23 85 36 29 32 38 23 28 95 78 45 36 68 50 53 34 88 21 94 24 30 47 20 45 36 33 63 37 36 92 60 93 39 25 31 27 4 48 60 26 58 30 14
1 50 1198 1 19 2 38 9 90 5 71 3 21 24 35 6 89 10 48 4 29 28 44 7 25 8 20 12 83 20 84 13 19 26 95 16 78 14 38 60 45 36 7 11 76 17 51 25 45 15 61 29 31 18 45 21 47 37 63 23 68 27 26 55 90 33 61 19 31 56 21 76 8 31 21 38 85 30 57 81 21 59 7 49 83 34 55 92 92 32 42 46 14 58 41 22 26 43 72 75 18 42 9
2 50 1138 1 94 2 18 6 45 14 67 4 66 8 22 7 36 3 61 9 39 33 12 5 75 15 7 29 98 26 14 31 58 16 36 10 33 62 49 19 1 11 14 12 100 24 13 23 30 25 80 32 39 34 59 51 99 75 79 55 14 27 97 22 72 13 97 21 86 18 49 17 45 30 59 28 74 40 21 20 13 35 58 42 64 53 35 39 92 37 1 46 98 50 47 48 56 59 82 69 37 67 76
3 50 1182 1 30 2 47 3 24 4 39 5 34 8 41 11 40 6 67 7 4 14 56 9 46 12 91 16 30 23 83 15 63 13 64 25 24 10 26 34 99 17 78 19 99 73 76 26 62 21 53 22 83 90 9 30 37 28 41 32 9 20 96 29 36 42 16 44 82 38 66 58 42 83 29 24 77 64 21 68 81 41 38 46 37 18 40 37 2 49 88 33 18 27 23 76 16 39 25 35 15 31 12
4 50 1232 1 26 4 84 2 48 3 22 7 93 5 47 23 46 18 65 8 1 15 51 6 39 9 32 10 30 16 56 46 49 92 76 13 24 30 59 12 86 14 7 17 95 11 95 31 89 21 59 39 84 34 98 50 4 19 43 38 20 22 25 32 76 26 27 84 74 87 26 36 3 25 87 45 2 52 52 49 19 90 98 55 44 20 64 43 68 28 27 24 27 35 80 51 58 37 92 29 87 77 97
5 50 1218 1 61 2 59 7 68 3 45 5 13 4 55 9 28 6 74 22 98 23 38 10 27 8 46 14 78 15 36 11 14 16 41 18 88 12 9 31 95 69 25 55 74 13 6 40 27 24 90 28 69 63 42 20 9 41 18 21 76 72 42 50 2 30 26 25 50 36 88 17 25 32 74 19 58 33 31 34 26 84 53 48 2 44 73 26 71 58 13 27 86 45 30 35 29 49 93 92 49 76 12
6 50 1136 1 14 2 53 5 37 6 4 4 18 7 49 3 98 11 17 18 26 9 27 14 8 58 97 8 57 28 17 50 75 10 38 35 91 17 76 22 55 26 43 54 61 25 81 13 9 12 41 59 7 42 2 16 30 33 75 20 42 51 2 21 17 15 68 24 44 41 52 40 31 23 91 29 59 37 22 19 98 38 48 43 85 76 8 61 30 27 69 55 15 44 40 56 68 49 3 34 51 30 76
7 50 1204 1 53 2 79 4 71 7 29 3 5 6 99 14 61 10 8 5 59 9 75 56 55 11 50 13 47 8 12 15 59 23 25 26 97 47 21 34 23 32 70 12 35 17 20 18 99 19 88 16 39 27 41 40 91 30 84 21 89 25 77 37 99 94 25 22 4 24 2 84 60 41 80 78 3 28 89 20 5 53 46 62 99 54 88 33 55 36 9 31 78 39 76 51 28 43 56 67 50 58 93
8 50 1259 1 47 66 6 3 42 2 4 4 28 6 80 13 46 7 25 14 16 12 97 10 11 17 99 9 44 5 26 18 69 8 26 11 27 98 11 33 28 15 22 31 89 57 90 30 37 48 83 16 27 22 91 42 13 23 62 19 52 20 25 24 30 49 63 29 61 25 52 27 23 52 66 75 68 64 31 26 46 47 69 28 29 58 93 36 83 34 82 44 4 55 4 93 11 21 23 74 32 53 7
9 50 1186 1 54 2 54 6 46 4 39 3 39 46 69 5 89 9 37 18 49 8 21 7 61 49 21 15 18 60 28 20 37 36 10 10 8 11 64 30 64 69 37 24 56 23 30 17 35 12 62 28 22 16 12 66 39 26 59 21 13 13 63 32 54 31 94 62 48 14 83 29 60 57 45 43 8 37 14 42 74 19 74 39 75 38 30 27 64 58 8 82 21 41 40 56 92 34 14 22 32 65 13
10 50 1284 1 2 4 38 2 44 10 21 3 76 9 6 6 41 13 69 7 84 8 99 5 89 11 16 12 84 40 32 14 81 18 76 15 69 19 79 22 61 17 14 16 10 20 2 26 42 23 68 34 25 30 75 27 62 54 71 33 62 21 96 25 10 71 60 41 80 43 95 68 65 80 98 47 77 89 10 82 22 57 81 66 57 24 76 46 26 50 54 29 43 84 42 28 34 64 38 39 30 53 58
11 50 1151 1 51 2 23 3 16 5 63 6 59 4 22 12 13 27 85 13 4 7 9 19 48 9 59 8 22 10 52 52 86 15 57 31 65 34 53 11 40 24 43 17 20 16 53 30 32 35 27 14 99 47 64 18 99 25 91 23 74 26 51 22 94 89 48 20 94 32 98 36 52 55 39 21 91 45 62 56 22 37 92 54 100 46 39 39 70 43 62 50 47 44 41 57 67 42 15 29 44 78 2
12 50 1211 1 78 12 27 27 75 3 27 2 28 11 37 4 4 36 38 5 82 10 42 6 8 7 97 13 16 16 59 9 68 8 6 51 10 19 82 18 27 56 75 71 66 23 45 21 13 25 45 14 13 15 9 32 53 22 75 29 49 17 28 87 80 48 22 31 50 57 31 34 10 28 2 26 57 41 23 39 87 37 93 69 57 20 30 24 42 72 79 45 6 33 22 65 16 44 52 85 7 46 4
13 50 1222 1 89 2 43 3 8 5 56 4 57 6 44 10 40 9 86 7 30 22 41 12 22 15 51 18 36 20 1 29 97 85 75 16 74 21 32 8 93 11 19 33 51 46 66 36 84 14 80 41 17 28 95 13 42 53 83 94 87 38 36 17 33 72 93 19 16 59 23 31 81 37 16 49 57 44 16 27 57 26 75 25 26 67 13 30 90 34 61 43 52 80 67 32 30 24 33 52 100 60 70
14 50 1295 8 46 1 85 5 82 2 23 4 42 3 99 10 35 68 26 11 92 7 69 22 27 50 76 6 1 24 75 20 71 13 63 9 85 18 87 19 78 16 84 66 48 12 77 62 20 28 62 14 5 15 97 44 15 52 39 21 62 17 72 55 87 25 63 27 85 23 18 36 87 33 45 94 93 30 39 80 95 31 40 26 77 53 48 96 17 85 18 51 82 32 88 38 29 39 16 89 69 29 55
15 50 1214 1 35 2 27 7 7 3 24 5 37 4 13 6 11 11 7 21 33 8 14 15 29 17 6 10 65 58 80 13 4 25 47 12 31 19 55 14 66 22 41 61 2 9 3 16 26 38 29 36 95 56 68 85 74 20 87 73 96 49 78 33 52 18 30 24 46 26 83 27 71 28 69 42 55 23 57 70 20 71 2 60 94 41 55 32 97 39 67 35 76 53 62 31 96 52 15 63 38 34 27
16 50 1203 1 69 3 37 2 43 10 40 4 48 5 94 12 76 8 90 15 16 6 89 21 57 7 82 30 12 54 99 9 88 28 15 44 53 11 27 43 32 16 50 34 96 17 69 13 68 23 21 41 55 87 95 20 84 19 3 18 66 14 69 42 16 36 25 25 31 22 52 31 33 33 17 38 77 24 98 39 15 60 40 47 3 26 3 53 40 65 60 75 32 27 71 76 38 84 61 29 81 57 12
17 50 1220 1 4 10 42 2 89 46 36 11 67 3 1 4 65 5 32 6 27 13 15 7 32 52 14 9 56 20 36 16 86 8 3 19 31 32 90 84 99 18 90 12 37 29 66 14 8 28 22 26 84 63 28 87 84 23 24 31 94 15 27 27 12 21 11 25 4 38 14 22 48 85 28 17 98 24 32 51 71 37 32 36 85 42 30 93 80 41 31 49 96 35 63 33 36 69 51 40 29 47 63
18 50 1204 1 8 13 68 2 99 17 58 5 36 22 37 6 32 4 77 3 36 31 95 7 98 8 87 10 48 9 98 34 19 16 5 18 1 33 3 55 76 21 100 11 57 12 90 19 27 23 48 14 31 20 48 15 34 68 67 67 73 29 25 25 26 28 21 49 40 86 24 24 7 74 21 30 91 52 99 41 54 44 18 43 39 35 88 71 93 36 78 80 22 27 57 60 95 42 85 26 35 39 41
19 50 1156 1 72 2 44 3 44 8 86 7 9 5 76 10 12 4 65 9 71 6 30 16 10 15 85 13 71 17 62 48 47 19 27 24 34 23 58 11 1 14 89 51 4 31 27 18 11 12 66 41 33 25 71 22 10 21 92 58 99 26 78 50 24 29 71 65 47 32 72 34 43 49 58 67 4 33 47 54 25 39 93 27 97 53 12 30 99 43 5 84 66 68 79 36 43 20 2 45 15 28 2
20 50 1227 1 84 2 95 3 39 7 29 52 100 4 97 5 87 6 59 8 30 60 17 12 74 19 78 9 48 15 97 11 88 10 21 29 2 25 35 13 22 16 59 65 50 14 45 23 42 99 76 21 9 28 89 20 63 39 98 30 33 33 65 41 100 18 34 57 46 31 49 27 62 47 71 45 84 35 6 22 74 17 2 24 9 77 11 53 41 54 10 43 50 34 22 50 85 79 26 32 21 69 17
21 50 1140 1 69 2 55 7 63 4 3 16 56 3 29 6 39 5 62 8 41 22 1 26 46 9 2 47 22 11 94 10 52 40 51 35 96 12 48 14 26 17 42 19 43 44 38 20 39 34 46 15 60 18 94 29 98 28 72 13 27 23 72 25 67 30 99 31 74 51 7 43 28 24 65 37 54 21 100 36 95 33 13 39 77 45 45 32 55 76 6 94 47 48 73 56 31 46 71 41 24 80 98
22 50 1262 1 56 2 77 3 85 4 28 5 24 6 16 8 66 40 95 10 74 27 96 49 11 14 38 7 63 23 91 9 31 11 25 13 88 12 99 15 2 74 94 46 75 55 78 33 79 28 64 37 58 36 44 24 14 22 89 93 14 20 22 19 78 17 33 30 43 21 73 25 35 18 67 83 90 16 34 54 62 58 33 29 93 59 10 35 96 26 93 75 89 48 54 71 1 50 64 79 35 38 87
23 50 1254 1 43 2 21 8 83 4 51 5 24 3 42 9 54 6 91 38 46 15 51 17 74 7 75 13 44 10 29 30 59 22 52 28 70 11 49 21 56 23 18 93 45 12 84 14 51 63 54 16 2 39 2 50 37 33 28 25 51 34 19 26 91 49 54 44 88 19 26 24 19 18 97 27 23 32 68 20 87 56 20 36 79 59 27 40 76 89 46 42 82 31 10 96 54 48 60 91 43 69 95
24 50 1124 1 69 12 19 3 40 14 21 2 70 7 94 6 35 4 68 8 18 11 70 5 20 30 78 59 86 15 100 10 74 17 59 13 42 43 12 29 93 9 16 28 19 24 92 18 28 33 62 16 57 41 82 23 89 22 70 20 99 21 65 89 96 27 54 57 77 19 71 34 16 38 14 31 54 67 40 44 64 25 61 26 30 47 95 32 75 35 17 62 74 37 21 51 73 36 83 53 50 52 93
25 50 1156 1 83 2 9 20 14 3 61 13 31 5 16 6 47 37 14 7 94 8 96 4 92 12 22 9 88 24 20 22 73 11 75 10 11 17 22 35 38 14 36 15 91 19 29 16 31 27 2 25 92 33 93 43 6 73 91 23 33 32 49 40 58 54 54 51 8 21 36 30 100 18 90 36 82 53 77 26 10 29 92 42 56 52 87 50 60 28 79 34 11 49 72 64 1 77 15 44 88 82 67
26 50 1181 1 29 2 72 3 57 8 84 31 73 5 38 6 31 22 13 7 33 4 53 15 78 20 55 12 41 9 27 41 43 23 25 10 60 18 25 21 3 13 51 60 60 34 25 50 38 11 77 39 82 16 58 54 2 66 38 33 16 44 31 19 60 14 22 52 85 37 47 25 95 17 93 27 20 38 40 24 38 72 35 51 44 47 79 26 43 36 1 32 38 100 58 67 91 56 92 30 46 29 68
27 50 1192 1 35 2 86 3 96 9 75 4 31 8 30 5 68 10 69 7 53 6 16 13 99 14 62 11 83 12 30 17 37 22 33 23 19 15 42 16 7 28 63 46 79 31 25 20 94 27 93 53 70 19 94 24 24 34 14 21 5 42 77 18 63 65 1 43 64 36 8 30 56 25 61 32 76 52 66 26 52 78 59 38 34 70 85 50 1 35 9 33 2 55 36 59 32 91 71 39 24 73 35
28 50 1111 1 59 4 9 2 16 6 90 3 50 9 98 5 14 7 58 26 65 11 36 75 55 10 16 22 35 8 2 16 72 13 49 23 50 25 74 17 68 15 66 30 25 19 5 63 53 14 59 12 34 21 99 45 88 31 95 34 76 18 62 27 82 39 6 36 57 24 20 33 30 20 91 28 95 29 61 35 8 54 53 40 83 55 6 41 35 38 95 32 44 52 100 66 63 46 79 42 85 67 94
29 50 1176 1 40 2 6 3 86 5 51 4 94 22 94 18 36 24 64 7 18 11 88 6 75 9 13 8 17 10 16 29 22 12 27 15 4 32 33 66 26 14 93 16 6 53 45 25 13 17 91 39 66 13 65 41 3 19 55 21 22 27 87 33 53 23 40 48 71 37 97 20 83 30 86 31 97 28 100 38 89 78 9 42 52 64 10 40 40 61 48 52 3 80 86 67 31 35 34 68 79 26 53
30 50 1223 1 87 2 100 3 5 4 48 5 52 6 24 21 16 24 100 16 20 8 95 15 2 7 12 11 67 9 57 10 84 22 69 17 40 30 23 20 21 12 24 23 12 36 48 14 52 26 68 13 97 18 7 40 12 59 33 52 8 57 28 43 28 71 41 46 86 75 27 65 78 77 76 47 87 55 72 19 91 28 80 41 30 48 65 49 59 25 85 37 71 45 3 83 97 29 84 32 41 33 10
31 50 1216 6 46 1 44 3 41 4 3 2 24 18 5 5 28 11 34 8 58 12 45 10 98 7 48 16 62 19 73 15 23 20 46 9 62 13 80 89 96 39 5 64 84 37 71 34 41 25 3 14 43 22 9 17 69 38 47 21 73 23 97 31 85 49 33 66 35 33 47 29 9 46 16 45 31 68 33 51 34 91 17 47 25 60 85 32 9 24 39 30 97 27 67 69 10 44 53 40 84 36 9
32 50 1324 1 100 2 59 3 6 12 62 4 52 7 85 5 93 11 85 6 74 9 20 8 78 15 49 19 5 13 39 16 83 17 75 10 55 14 71 26 10 23 14 20 16 33 80 22 45 25 18 70 86 60 56 34 40 21 62 31 18 46 80 89 48 77 70 27 97 51 23 73 50 50 78 63 70 59 51 48 3 42 9 64 49 76 33 28 28 18 92 35 50 39 22 36 41 66 59 82 16 49 2
33 50 1235 1 40 6 7 2 56 19 65 9 64 3 51 12 21 18 64 13 47 15 70 4 7 5 17 7 18 11 47 27 41 22 44 66 35 8 51 87 27 24 86 14 34 17 30 52 94 20 7 55 30 79 10 34 80 10 51 41 57 32 97 30 86 33 5 25 27 23 73 58 48 16 29 26 29 44 91 21 10 61 4 38 15 42 28 56 28 39 15 31 7 67 55 43 22 94 12 36 46 48 38
34 50 1155 1 35 3 17 2 64 4 86 6 78 5 20 7 73 10 71 8 36 11 34 12 17 29 25 9 53 14 26 13 88 19 63 18 60 16 68 31 80 20 52 33 93 42 41 62 77 27 58 15 96 46 51 23 63 22 99 37 49 30 78 39 82 53 90 40 65 34 66 21 10 24 36 17 89 26 92 28 25 74 30 35 24 59 7 75 64 95 67 51 20 48 83 25 43 32 67 49 80 44 98
35 50 1225 1 32 2 9 5 70 28 51 3 50 4 53 7 65 8 63 12 98 14 27 6 44 76 58 18 12 34 17 10 11 11 6 9 2 44 43 16 6 26 12 56 59 13 37 39 65 30 34 25 71 32 98 17 10 41 6 31 60 19 11 21 56 15 18 20 34 33 83 23 4 48 76 27 12 40 62 24 50 58 3 57 35 22 71 72 23 78 71 49 89 92 26 61 22 35 34 45 61 75 62
36 50 1145 3 87 1 78 2 13 4 5 28 97 5 63 6 20 72 32 9 15 26 65 37 89 14 62 63 87 15 76 16 26 13 31 8 71 46 67 7 25 11 99 19 66 30 5 17 6 18 30 10 82 12 13 23 46 20 61 31 22 29 10 49 76 39 71 45 11 95 70 33 34 42 53 34 51 36 72 27 39 25 12 35 76 52 44 24 35 66 85 21 96 22 2 61 87 48 9 51 22 32 52
37 50 1188 2 58 1 40 3 30 4 2 7 79 5 36 6 33 8 39 9 63 13 31 30 65 18 64 10 65 16 5 35 62 11 97 17 88 12 14 19 11 15 77 28 100 22 74 23 95 20 80 26 22 33 86 14 34 21 71 24 64 56 81 42 43 55 29 34 18 25 40 36 49 39 16 37 70 57 46 38 83 43 42 32 2 95 68 69 57 62 58 51 94 94 57 31 100 61 40 29 42 48 100
38 50 1171 1 66 4 96 2 3 3 70 5 86 6 76 9 79 7 97 18 74 8 97 10 80 54 48 13 16 11 25 24 38 28 53 12 46 25 14 17 71 20 85 14 6 15 18 34 37 64 94 49 42 19 89 32 22 38 5 39 64 23 15 27 1 90 47 48 76 21 52 35 7 52 91 16 19 37 32 31 51 46 2 22 58 33 15 89 51 44 3 53 69 66 85 55 52 30 11 36 39 29 26
39 50 1199 1 44 2 58 7 91 5 19 4 66 3 17 6 17 17 15 13 22 8 71 14 99 19 60 11 2 9 32 12 30 10 76 21 59 33 58 25 3 24 95 22 51 18 5 20 97 31 55 26 35 30 20 70 57 15 2 38 83 28 96 23 34 81 94 62 50 27 49 16 99 46 24 74 75 50 12 32 28 48 80 36 56 79 76 37 69 34 67 59 90 45 56 91 51 47 5 41 22 29 100
40 50 1171 1 69 2 45 4 75 9 57 5 79 3 51 6 9 12 19 20 31 16 87 18 62 7 70 8 60 43 4 29 73 13 10 11 97 15 68 14 75 10 31 67 36 48 20 39 87 23 89 21 22 28 46 24 59 38 49 17 88 22 52 26 92 41 39 40 19 32 88 19 87 31 58 25 83 51 45 69 20 27 24 49 7 46 84 33 83 77 50 37 7 35 78 64 11 62 60 68 25 59 88
41 50 1280 2 64 1 15 3 8 4 48 12 67 6 74 5 36 15 52 11 12 51 93 7 50 22 56 8 15 13 2 10 89 9 78 18 86 16 1 31 97 19 60 27 80 14 73 25 10 70 94 17 59 21 1 36 58 30 29 75 80 28 55 53 12 20 75 23 41 24 39 38 4 39 26 26 35 47 18 42 43 76 78 49 99 79 25 41 40 61 20 87 58 44 91 32 84 50 67 68 69 95 27
42 50 1137 1 31 2 50 11 99 3 59 4 97 9 5 5 53 6 53 24 92 21 67 7 24 8 44 17 22 13 3 12 7 18 33 22 93 10 44 29 22 27 57 53 12 16 97 32 55 68 82 20 24 46 18 15 4 19 51 31 50 28 83 37 81 49 55 36 62 26 48 14 90 58 38 35 39 50 98 38 58 34 96 30 49 44 21 60 95 61 88 42 9 43 82 69 22 47 54 33 17 39 36
43 50 1236 1 21 2 44 6 2 4 9 3 46 5 40 7 54 9 40 32 72 15 92 10 40 31 71 11 11 12 4 8 56 21 9 22 68 28 52 13 99 29 78 16 65 43 97 48 79 35 39 17 43 36 10 18 31 24 60 84 83 19 1 50 19 14 46 26 8 88 51 80 20 46 55 33 91 72 36 45 4 25 7 37 52 78 20 27 84 41 74 20 76 54 49 67 59 66 18 23 98 44 39
44 50 1188 1 47 2 54 3 60 23 37 5 49 6 47 4 93 15 29 28 46 8 55 7 80 9 93 30 82 14 13 12 92 44 11 10 60 32 49 13 18 11 54 34 35 27 41 19 65 33 39 21 8 25 95 18 37 17 82 64 35 22 84 20 43 16 65 26 34 35 85 49 86 38 55 72 47 48 5 57 4 24 50 75 89 59 62 42 21 91 82 63 10 37 44 76 37 40 28 29 46 31 70
45 50 1126 1 35 2 31 3 91 5 38 8 63 42 67 4 60 19 39 6 58 12 96 7 94 34 97 13 22 9 68 10 77 17 17 11 17 15 83 36 15 14 28 31 90 16 7 20 25 60 97 41 67 27 51 38 74 50 81 25 16 21 65 26 77 30 41 23 81 56 77 67 11 33 40 24 23 18 76 28 54 43 54 76 39 37 72 32 51 22 74 35 2 29 7 65 90 74 74 48 12 45 65
46 50 1136 1 75 5 10 3 10 2 64 4 86 22 73 7 17 13 14 6 4 8 64 10 37 9 74 79 92 20 50 33 92 11 86 16 34 15 69 19 52 12 13 18 29 46 50 14 34 21 85 29 25 70 5 47 19 17 19 44 52 41 62 32 39 34 79 23 23 48 12 77 96 31 87 28 93 35 76 27 31 26 85 25 76 30 2 63 10 58 88 40 66 36 25 43 95 60 10 24 48 38 8
47 50 1217 1 67 2 39 6 14 7 80 4 9 3 52 12 30 5 98 8 3 9 88 11 55 53 94 18 49 14 38 19 84 28 26 15 88 20 34 10 84 24 38 41 9 13 34 17 89 23 81 66 7 29 92 48 38 87 45 40 72 30 49 16 5 35 53 22 67 21 77 42 15 27 69 63 76 69 87 36 16 50 8 33 49 31 100 89 49 32 17 52 21 54 1 25 33 26 1 99 57 37 76
48 50 1073 1 86 2 87 5 32 10 93 6 21 3 25 9 42 4 46 7 4 11 23 16 84 8 41 12 23 15 46 37 86 21 12 23 67 14 7 13 25 24 89 19 26 27 53 22 17 25 57 36 6 18 29 35 83 17 32 43 65 32 83 48 17 47 52 45 18 28 51 59 63 30 90 62 27 29 29 50 9 20 48 39 65 33 97 31 2 26 9 34 39 38 60 41 59 46 51 70 73 51 63
49 50 1342 1 10 3 65 2 64 42 59 6 58 5 11 4 66 34 61 8 69 7 30 14 54 13 94 15 2 52 92 10 66 18 22 9 37 12 43 64 47 11 4 28 31 27 7 33 37 17 24 49 99 50 37 19 84 22 30 16 40 29 35 26 92 36 72 23 69 25 71 45 74 41 54 20 63 24 74 84 83 39 12 40 84 30 56 61 60 72 93 95 12 63 61 93 72 92 63 69 15 80 30
